budValak
250
80
600
1
Agutin
220
70
550
2
Vlasik
200
70
890
3
Kuldan
210
70
880
4
Zelda
220
80
890
5
Guld
230
70
750
6
Hlupik
300
80
450
7
Lustra
260
60
550
8
Illu
240
75
600
9
Plusha
250
70
550
10kek
300
300
300
41
kek
300
300
300
42
kek
300
300
300
23
kek
300
300
300
24
kek
300
300
300
25
kek
300
300
300
26
kek
300
300
300
17
kek
300
300
300
18
kek
300
300
300
19
kek
300
300
300
20
kek
300
300
300
21
kek
300
300
300
22
kek
300
300
300
23
kek
300
300
300
24
kek
300
300
300
25
kek
300
300
300
26
kek
300
300
300
27
kek
300
300
300
28
kek
300
300
300
29
kek
300
300
300
30
kek
300
300
300
31
kek
300
300
300
32
kek
300
300
300
33
kek
300
300
300
34
